[IMG-20171004-WA0027.jpg]
filters=finetune2=1,0.456140,0.081404,0.053333,00000000,0.052632;
moddate=000093006dd60000
width=960
height=1280
textactive=0
